3,2
10,87
10,17
10,227
10,111
10,137
10,2
10,3
11,11
11,17
9,5
9,2
9,3
8,8
8,13
8,4
8,7
8,10
8,2
8,3
48,4
48,3
48,2
48,1
48,0
46,4
46,3
46,1
42,4
42,3
42,2
42,1
38,4
38,3
38,1
25,3
25,2
25,1
20,3
20,2
20,1
19,3
19,2
19,1
12,3
12,2
12,1
11,30
11,29
11,28
11,27
11,26
11,25
11,24
11,23
11,22
11,21
11,19
11,16
11,14
11,12
11,9
11,8
11,7
11,6
11,3
11,2
11,1
10,317
10,316
10,315
10,314
10,313
10,312
10,311
10,310
10,309
10,308
10,307
10,306
10,305
10,304
10,303
10,302
10,301
10,300
10,299
10,298
10,297
10,296
10,295
18,1
10,294
18,3
10,293
10,292
10,291
10,290
10,289
14,1
10,288
14,3
10,287
10,286
13,1
10,285
13,3
10,212
10,202
10,198
